1.000E-03 4.076E+03 
1.000E-02 4.944E+00 
1.900E-02 6.417E-01 
2.800E-02 1.826E-01 
3.700E-02 7.336E-02 
4.600E-02 3.587E-02 
5.500E-02 1.990E-02 
6.400E-02 1.206E-02 
7.300E-02 7.808E-03 
8.200E-02 5.318E-03 
9.100E-02 3.771E-03 
1.000E-01 2.763E-03 
1.090E-01 2.080E-03 
1.180E-01 1.602E-03 
1.270E-01 1.259E-03 
1.360E-01 1.006E-03 
1.450E-01 8.161E-04 
1.540E-01 6.708E-04 
1.630E-01 5.578E-04 
1.720E-01 4.687E-04 
1.810E-01 3.976E-04 
1.900E-01 3.402E-04 
1.990E-01 2.934E-04 
2.080E-01 2.548E-04 
2.170E-01 2.228E-04 
2.260E-01 1.959E-04 
2.350E-01 1.733E-04 
2.440E-01 1.541E-04 
2.530E-01 1.377E-04 
2.620E-01 1.235E-04 
2.710E-01 1.113E-04 
2.800E-01 1.007E-04 
2.890E-01 9.141E-05 
2.980E-01 8.327E-05 
3.070E-01 7.611E-05 
3.160E-01 6.977E-05 
3.250E-01 6.414E-05 
3.340E-01 5.913E-05 
3.430E-01 5.465E-05 
3.520E-01 5.063E-05 
3.610E-01 4.701E-05 
3.700E-01 4.375E-05 
3.790E-01 4.080E-05 
3.880E-01 3.813E-05 
3.970E-01 3.569E-05 
4.060E-01 3.348E-05 
4.150E-01 3.146E-05 
4.240E-01 2.960E-05 
4.330E-01 2.791E-05 
4.420E-01 2.635E-05 
4.510E-01 2.491E-05 
4.600E-01 2.359E-05 
4.690E-01 2.238E-05 
4.780E-01 2.125E-05 
4.870E-01 2.021E-05 
4.960E-01 1.924E-05 
5.050E-01 1.834E-05 
5.140E-01 1.751E-05 
5.230E-01 1.673E-05 
5.320E-01 1.600E-05 
5.410E-01 1.532E-05 
5.500E-01 1.468E-05 
5.590E-01 1.408E-05 
5.680E-01 1.351E-05 
5.770E-01 1.298E-05 
5.860E-01 1.247E-05 
5.950E-01 1.199E-05 
6.040E-01 1.153E-05 
6.130E-01 1.110E-05 
6.220E-01 1.069E-05 
6.310E-01 1.030E-05 
6.400E-01 9.926E-06 
6.490E-01 9.576E-06 
6.580E-01 9.246E-06 
6.670E-01 8.933E-06 
6.760E-01 8.637E-06 
6.850E-01 8.358E-06 
6.940E-01 8.094E-06 
7.030E-01 7.845E-06 
7.120E-01 7.610E-06 
7.210E-01 7.389E-06 
7.300E-01 7.180E-06 
7.390E-01 6.983E-06 
7.480E-01 6.797E-06 
7.570E-01 6.622E-06 
7.660E-01 6.458E-06 
7.750E-01 6.303E-06 
7.840E-01 6.158E-06 
7.930E-01 6.021E-06 
8.020E-01 5.892E-06 
8.110E-01 5.772E-06 
8.200E-01 5.658E-06 
8.290E-01 5.549E-06 
8.380E-01 5.444E-06 
8.470E-01 5.343E-06 
8.560E-01 5.245E-06 
8.650E-01 5.149E-06 
8.740E-01 5.054E-06 
8.830E-01 4.959E-06 
8.920E-01 4.866E-06 
9.010E-01 4.772E-06 
9.100E-01 4.678E-06 
9.190E-01 4.583E-06 
9.280E-01 4.488E-06 
9.370E-01 4.391E-06 
9.460E-01 4.293E-06 
9.550E-01 4.194E-06 
9.640E-01 4.094E-06 
9.730E-01 3.993E-06 
9.820E-01 3.890E-06 
9.910E-01 3.786E-06 